event000001093 15548 12253 8812 5351 2479 1276 719 441 185 129
event000001049 13411 10723 7736 4613 2082 974 508 298 172 109
event000001043 13192 10519 7777 4859 2443 1373 872 592 414 361
event000001048 12288 9699 6993 4149 1677 895 539 297 159 77
event000001023 15826 12571 8745 5443 2287 1212 630 327 204 107
event000001021 11635 9180 6173 3430 1657 740 346 240 168 104
event000001066 14490 11539 8297 5079 2062 996 572 344 151 68
event000001056 11327 8862 6431 3724 1586 776 434 279 120 50
event000001060 13761 10925 7661 4596 2072 1049 586 385 135 80
event000001016 14142 11159 8079 4899 2210 1057 526 332 187 97
event000001019 15295 12149 8628 5348 2328 1153 659 449 169 82
event000001027 13864 11130 7815 4746 2097 1018 514 278 94 42
event000001085 14239 11294 8020 4872 2118 1058 615 420 234 91
event000001026 14516 11474 8019 4955 2066 1057 549 335 173 66
event000001067 10431 8074 5648 3328 1361 750 393 240 126 54
event000001010 11839 9189 6294 3820 1628 851 417 284 153 102
event000001058 14110 10967 7713 4576 1956 901 403 197 128 70
event000001037 14444 11634 8435 5322 2408 1339 673 394 168 80
event000001057 11291 9075 6419 3849 1664 809 399 219 140 87
event000001002 16316 13073 9317 5636 2485 1369 759 466 229 117
event000001090 12159 9638 6968 4249 2040 973 582 349 152 77
event000001003 12387 9724 7102 4352 1898 989 587 365 180 113
event000001077 11193 8746 6153 3884 1650 959 594 361 193 128
event000001098 11937 9619 6833 4098 2030 1020 563 305 135 111
event000001063 11079 8593 5978 3659 1527 719 275 177 83 45
event000001069 13402 10590 7653 4759 2031 946 440 266 110 67
event000001082 10847 8344 5883 3557 1500 658 389 258 115 69
event000001038 13542 10483 7630 4700 2112 1176 636 407 254 203
event000001033 10635 8606 6167 3945 1699 958 554 291 145 74
event000001024 14754 11592 8172 5106 2396 1237 694 451 253 128
event000001044 11051 8610 6237 3827 1787 1022 645 407 215 141
event000001000 15076 11766 8267 5062 2382 1141 763 506 275 179
event000001065 12241 9598 6598 3978 1736 882 508 318 165 104
event000001013 12450 9907 7247 4413 1958 937 537 321 120 54
event000001078 11633 9038 6305 3785 1552 827 421 271 145 111
event000001072 12627 9966 7042 4235 1818 945 572 376 189 155
event000001045 13689 11205 7992 4778 2118 906 549 352 155 82
event000001062 8038 6333 4357 2591 1139 462 273 175 129 103
event000001053 14466 11248 7895 4678 1961 906 503 305 137 72
event000001028 13936 11132 8184 5160 2405 1272 766 482 172 117
event000001054 12295 9633 6951 4158 1880 1004 547 286 132 99
event000001018 10818 8616 6027 3785 1669 827 438 254 142 68
event000001005 12998 10200 7246 4370 1877 1027 556 368 158 119
event000001042 12602 9795 7068 4176 1842 868 446 195 89 57
event000001087 17481 13842 9864 5938 2707 1223 557 405 216 143
event000001075 12428 9743 6975 4056 1785 1021 560 385 161 120
event000001051 14775 11709 8450 5093 2468 1152 671 370 110 74
event000001032 12302 9637 6790 4075 1749 838 512 349 122 42
event000001095 13269 10709 7694 4919 2244 1020 614 364 176 110
event000001004 17701 14241 10116 6026 2523 1302 691 432 139 51
event000001011 14144 11203 8185 4828 2098 940 495 315 160 107
event000001073 13967 11326 8039 4967 2303 1198 708 510 285 247
event000001031 14260 11271 8236 5050 2134 1110 617 326 108 48
event000001034 14159 11096 7986 4790 1973 1021 592 408 138 88
event000001029 12843 10039 7530 4851 2240 1084 591 386 173 70
event000001097 14675 11589 8136 4857 2011 1037 622 328 113 56
event000001020 10819 8335 5867 3599 1448 763 429 300 177 115
event000001096 12110 9753 7019 4171 1950 984 715 499 254 211
event000001050 13610 10980 7901 4791 2192 1119 620 387 150 84
event000001040 15742 12373 9084 5505 2461 1232 690 428 160 105
event000001006 14856 11964 8558 5502 2693 1275 708 442 196 98
event000001030 13353 10628 7584 4557 1842 948 511 290 122 66
event000001091 11626 9199 6664 4296 1908 939 468 327 124 83
event000001009 12844 10017 7179 4374 1794 848 440 274 109 71
event000001099 14043 11160 8097 4818 2125 1062 584 369 194 137
event000001008 13409 10579 7408 4525 1996 1072 572 377 222 189
event000001025 15146 12381 9096 5876 2755 1434 792 551 309 217
event000001071 11993 9327 6388 3785 1371 598 349 160 64 36
event000001055 12735 10040 6946 4067 1827 858 438 238 134 77
event000001041 12166 9720 6947 4410 1780 946 527 355 153 82
event000001059 12542 9836 7126 4455 1950 1042 582 331 222 144
event000001022 11838 9040 6305 3639 1534 693 425 206 77 63
event000001012 13798 10979 7901 4624 1890 912 545 351 119 67
event000001086 15261 12077 8769 5397 2497 1215 680 372 126 71
event000001079 14328 11124 7770 4519 1883 746 392 213 89 57
event000001017 16020 12615 9189 5802 2682 1363 750 441 216 114
event000001076 11750 9116 6373 3975 1719 859 437 258 119 99
event000001068 12509 9767 6952 4295 1913 950 522 332 211 150
event000001039 10097 7778 5398 3318 1337 666 439 315 165 131
event000001061 10862 8619 6034 3574 1387 776 413 333 203 155
event000001094 14078 11184 8179 5289 2286 1177 563 315 102 58
event000001047 11096 8595 5949 3573 1575 883 465 294 161 65
event000001007 12839 10090 7247 4419 1734 905 449 241 142 90
event000001084 14612 11641 8431 5301 2481 1261 628 339 139 79
event000001074 13158 10361 7433 4536 1979 1028 606 368 188 111
event000001083 12252 9774 6769 3936 1633 741 376 184 47 35
event000001015 15163 12177 8749 5261 2388 1240 637 455 180 71
event000001064 12700 10262 7513 4491 1907 976 537 310 168 103
event000001081 12813 9940 7047 4386 1934 844 420 233 140 86
event000001052 11459 9058 6386 3924 1715 729 311 162 108 60
event000001088 14295 11147 8164 4939 2129 974 518 318 161 122
event000001014 15465 12229 8646 5168 2144 1077 589 346 204 154
event000001092 13908 10772 7760 4662 2000 998 458 308 125 84
event000001089 12524 9889 7112 4354 1843 1136 724 420 267 189
event000001070 12493 9798 7043 4285 1762 841 401 226 69 46
event000001036 12867 10159 7504 4776 2165 1229 800 561 296 235
event000001046 11796 9287 6327 3910 1601 774 415 260 122 54
event000001001 10484 8255 5570 3182 1378 591 383 295 122 88
event000001035 11143 8558 6149 3898 1634 827 568 349 171 107
event000001080 15378 12325 8722 5421 2340 1255 612 408 238 141
