event000001093 13028 10272 7379 4483 2076 1080 612 378 161 114
event000001049 11248 8979 6472 3849 1746 820 428 254 144 93
event000001043 11058 8825 6524 4092 2054 1151 736 503 351 305
event000001048 10307 8137 5877 3501 1428 759 458 256 136 65
event000001023 13289 10558 7353 4566 1916 1018 530 273 169 88
event000001021 9781 7714 5192 2896 1396 628 295 205 144 90
event000001066 12159 9689 6968 4264 1738 837 482 289 128 60
event000001056 9518 7436 5385 3118 1337 652 365 235 101 42
event000001060 11576 9180 6441 3870 1740 876 482 319 110 64
event000001016 11821 9314 6749 4106 1848 886 443 279 157 80
event000001019 12798 10172 7241 4505 1965 976 558 380 146 72
event000001027 11621 9326 6554 3990 1760 846 429 236 82 37
event000001085 11960 9486 6743 4089 1781 894 522 359 202 80
event000001026 12158 9612 6717 4152 1729 888 458 279 145 55
event000001067 8759 6780 4752 2801 1152 630 328 200 106 46
event000001010 9945 7711 5291 3213 1369 716 354 239 128 85
event000001058 11810 9184 6465 3836 1637 749 341 168 109 61
event000001037 12094 9730 7049 4442 2010 1121 563 329 143 69
event000001057 9478 7629 5410 3250 1411 686 338 185 120 74
event000001002 13683 10959 7815 4719 2080 1143 638 393 197 101
event000001090 10191 8078 5849 3574 1717 826 490 295 129 67
event000001003 10382 8158 5953 3649 1602 835 494 308 153 97
event000001077 9381 7331 5157 3256 1387 806 500 304 160 104
event000001098 9997 8059 5726 3436 1699 846 468 255 112 90
event000001063 9328 7228 5039 3088 1296 607 237 155 74 41
event000001069 11231 8875 6409 3995 1709 799 370 222 93 57
event000001082 9087 7001 4943 2992 1265 558 328 220 98 58
event000001038 11334 8775 6393 3948 1777 988 534 343 212 169
event000001033 8950 7246 5185 3310 1427 801 464 245 122 62
event000001024 12341 9703 6852 4278 2008 1035 578 375 211 105
event000001044 9267 7214 5244 3211 1497 857 538 341 181 118
event000001000 12678 9910 6960 4267 2006 961 641 426 234 151
event000001065 10282 8067 5554 3351 1466 747 431 273 142 92
event000001013 10425 8289 6061 3689 1636 787 453 269 101 47
event000001078 9746 7564 5294 3180 1300 688 352 227 122 94
event000001072 10559 8342 5892 3550 1527 791 476 314 159 130
event000001045 11498 9412 6714 4030 1792 771 467 296 131 70
event000001062 6735 5313 3667 2184 957 386 227 145 107 85
event000001053 12099 9405 6596 3906 1646 768 425 256 115 62
event000001028 11727 9377 6897 4343 2028 1066 642 405 147 98
event000001054 10334 8103 5850 3506 1580 841 460 242 113 83
event000001018 9065 7220 5053 3180 1403 699 368 213 119 57
event000001005 10911 8564 6086 3660 1569 856 460 308 133 99
event000001042 10579 8224 5941 3512 1550 737 381 172 80 52
event000001087 14691 11639 8316 5003 2288 1032 474 343 182 118
event000001075 10432 8180 5843 3401 1501 854 468 322 136 100
event000001051 12377 9804 7079 4268 2054 957 552 302 89 59
event000001032 10293 8075 5689 3426 1484 713 431 294 102 36
event000001095 11125 8979 6464 4138 1889 866 520 309 149 94
event000001004 14784 11885 8450 5039 2115 1092 577 360 117 44
event000001011 11874 9403 6864 4046 1754 787 421 271 139 92
event000001073 11704 9479 6722 4149 1927 989 582 420 231 199
event000001031 11974 9437 6905 4250 1798 941 520 275 90 41
event000001034 11845 9287 6679 4017 1664 859 496 340 118 75
event000001029 10760 8403 6302 4051 1857 893 486 316 139 55
event000001097 12316 9718 6823 4082 1690 866 516 272 95 47
event000001020 9078 7008 4937 3035 1228 649 365 253 148 98
event000001096 10172 8187 5889 3487 1634 830 600 419 218 180
event000001050 11393 9201 6610 4007 1835 933 516 319 123 69
event000001040 13199 10374 7633 4621 2067 1031 580 359 133 86
event000001006 12479 10050 7199 4637 2277 1085 600 376 170 86
event000001030 11201 8904 6355 3821 1536 794 433 248 104 57
event000001091 9746 7703 5583 3604 1600 786 395 278 109 72
event000001009 10818 8432 6053 3685 1507 714 371 232 95 62
event000001099 11823 9389 6816 4068 1793 900 495 313 162 112
event000001008 11245 8867 6212 3796 1686 902 482 317 187 158
event000001025 12735 10412 7653 4944 2316 1211 671 465 258 182
event000001071 10081 7838 5365 3189 1160 510 296 137 55 31
event000001055 10679 8411 5816 3418 1536 723 365 199 110 63
event000001041 10231 8167 5834 3709 1503 789 439 293 127 68
event000001059 10532 8266 5982 3743 1631 877 486 277 187 123
event000001022 9934 7588 5297 3063 1294 589 358 176 67 55
event000001012 11584 9206 6639 3884 1589 762 459 298 101 58
event000001086 12809 10139 7362 4535 2098 1019 568 311 107 62
event000001079 11995 9304 6489 3774 1568 632 334 184 77 49
event000001017 13438 10570 7694 4855 2236 1136 626 367 181 96
event000001076 9853 7636 5347 3338 1443 719 366 214 98 81
event000001068 10494 8194 5842 3624 1618 799 439 277 176 123
event000001039 8460 6524 4537 2794 1135 571 374 270 141 110
event000001061 9116 7237 5072 3008 1177 663 354 283 169 127
event000001094 11829 9401 6873 4440 1910 986 472 265 85 48
event000001047 9302 7207 4983 2989 1311 733 385 242 132 54
event000001007 10798 8484 6100 3727 1466 768 381 204 119 76
event000001084 12269 9772 7078 4457 2086 1067 536 291 123 69
event000001074 11055 8699 6230 3804 1666 868 511 311 161 97
event000001083 10295 8202 5683 3304 1378 633 320 157 39 29
event000001015 12725 10215 7314 4401 1998 1034 537 382 154 63
event000001064 10658 8611 6296 3770 1600 823 456 261 142 90
event000001081 10736 8333 5898 3660 1625 712 355 195 116 71
event000001052 9618 7605 5354 3297 1441 609 260 137 91 50
event000001088 11988 9362 6852 4151 1794 826 440 266 136 101
event000001014 12977 10259 7264 4350 1803 913 500 295 173 129
event000001092 11677 9036 6503 3907 1672 832 387 258 106 70
event000001089 10504 8305 5990 3668 1557 962 612 358 229 161
event000001070 10479 8218 5903 3588 1472 707 336 192 61 40
event000001036 10774 8498 6269 3982 1812 1030 668 464 246 196
event000001046 9898 7784 5300 3274 1348 655 351 222 104 46
event000001001 8808 6935 4689 2689 1164 504 326 251 105 76
event000001035 9315 7164 5141 3255 1370 692 475 295 145 91
event000001080 12911 10350 7325 4553 1975 1054 512 340 198 119
