event000001093 6818 5419 3881 2333 1069 587 342 220 98 69
event000001049 6001 4759 3408 2019 933 455 235 143 72 46
event000001043 5828 4671 3452 2197 1071 594 391 272 184 155
event000001048 5488 4328 3148 1901 802 414 254 149 73 32
event000001023 7049 5602 3924 2393 1024 545 283 138 80 41
event000001021 5248 4130 2759 1562 726 336 161 108 76 50
event000001066 6424 5133 3689 2267 967 466 266 161 74 42
event000001056 5046 3929 2827 1656 727 340 190 117 51 21
event000001060 6187 4880 3427 2074 907 444 226 156 52 28
event000001016 6136 4805 3488 2155 945 448 230 138 80 42
event000001019 6667 5284 3812 2402 1026 515 296 193 87 45
event000001027 6120 4925 3476 2138 947 429 223 138 53 24
event000001085 6420 5094 3610 2150 918 476 274 191 106 49
event000001026 6408 5069 3533 2181 892 463 236 142 73 29
event000001067 4667 3603 2553 1497 631 331 168 98 53 24
event000001010 5285 4055 2810 1707 755 376 200 131 68 43
event000001058 6182 4830 3414 2041 860 379 195 103 65 41
event000001037 6371 5085 3676 2302 1032 555 279 155 74 38
event000001057 5055 4097 2921 1765 765 367 190 102 68 42
event000001002 7232 5779 4145 2499 1103 597 336 210 116 59
event000001090 5360 4221 3065 1884 893 452 253 153 69 38
event000001003 5406 4277 3105 1885 871 449 256 169 90 57
event000001077 4945 3868 2732 1701 737 420 257 160 78 50
event000001098 5223 4226 3004 1788 865 411 227 126 54 38
event000001063 5002 3874 2747 1695 713 314 143 100 50 29
event000001069 5915 4685 3371 2133 900 434 199 116 49 29
event000001082 4762 3677 2610 1584 684 306 173 115 50 24
event000001038 5980 4627 3351 2066 931 496 255 159 81 59
event000001033 4827 3905 2783 1775 761 424 247 135 67 36
event000001024 6358 5015 3569 2198 1002 509 280 175 96 45
event000001044 4916 3831 2827 1723 796 459 273 169 96 63
event000001000 6838 5396 3794 2315 1077 516 330 225 126 76
event000001065 5475 4323 2995 1801 812 408 243 160 86 63
event000001013 5477 4352 3164 1904 842 410 234 131 44 29
event000001078 5086 3917 2763 1654 667 349 186 116 61 46
event000001072 5473 4344 3059 1831 793 406 234 159 86 68
event000001045 6119 4990 3557 2146 955 432 257 152 72 41
event000001062 3533 2812 1977 1190 514 205 111 68 48 35
event000001053 6311 4897 3427 1997 860 418 228 132 59 36
event000001028 6274 5013 3685 2297 1082 553 328 208 83 48
event000001054 5528 4361 3142 1892 827 423 237 127 60 40
event000001018 4721 3752 2630 1642 741 367 181 101 60 28
event000001005 5779 4540 3226 1926 814 422 222 155 71 49
event000001042 5659 4402 3182 1861 799 396 206 114 56 39
event000001087 7754 6148 4416 2649 1215 547 260 178 91 49
event000001075 5552 4342 3061 1797 802 439 240 162 74 51
event000001051 6481 5114 3696 2257 1045 489 261 139 44 25
event000001032 5381 4252 3010 1851 843 412 229 152 53 24
event000001095 5897 4748 3444 2180 1002 478 283 175 82 54
event000001004 7720 6182 4416 2670 1129 579 299 187 62 30
event000001011 6280 4979 3601 2115 919 416 241 168 91 58
event000001073 6222 5020 3549 2171 1009 484 276 204 99 83
event000001031 6393 4954 3651 2271 954 508 277 150 47 25
event000001034 6220 4892 3492 2134 901 452 253 164 74 45
event000001029 5619 4365 3250 2063 913 421 228 143 53 21
event000001097 6499 5121 3611 2172 897 428 238 130 51 24
event000001020 4813 3744 2657 1645 697 373 217 139 79 58
event000001096 5450 4363 3136 1846 839 435 297 210 121 96
event000001050 5915 4793 3405 2024 943 469 247 147 60 36
event000001040 6972 5473 4078 2451 1110 540 308 183 64 39
event000001006 6695 5430 3897 2532 1245 621 336 212 107 59
event000001030 5857 4635 3298 1984 775 405 225 138 54 35
event000001091 5107 4032 2918 1886 834 400 214 155 69 42
event000001009 5853 4573 3325 2019 809 394 203 128 58 36
event000001099 6391 5078 3699 2229 968 501 267 163 75 45
event000001008 5884 4651 3264 2002 914 475 256 168 100 79
event000001025 6828 5577 4120 2627 1229 661 377 255 134 99
event000001071 5344 4164 2855 1711 638 293 169 85 36 21
event000001055 5594 4378 3033 1807 792 358 172 97 48 29
event000001041 5492 4366 3115 1985 826 402 218 133 55 28
event000001059 5617 4423 3178 2011 856 460 246 149 101 70
event000001022 5268 4065 2859 1661 707 340 204 104 41 34
event000001012 6103 4796 3462 2030 847 393 241 161 58 37
event000001086 6735 5363 3896 2413 1108 532 287 162 67 42
event000001079 6254 4851 3341 1960 799 349 193 115 50 32
event000001017 7003 5496 3978 2501 1119 565 307 175 84 47
event000001076 5205 4026 2847 1766 727 355 184 93 36 28
event000001068 5501 4305 3116 1955 873 416 225 133 84 49
event000001039 4413 3408 2381 1476 616 326 208 155 79 54
event000001061 4831 3831 2704 1624 671 388 211 160 83 55
event000001094 6291 5006 3646 2306 958 495 241 133 41 23
event000001047 4918 3795 2610 1540 645 346 188 114 62 29
event000001007 5750 4510 3252 1954 793 417 211 108 54 35
event000001084 6498 5156 3731 2338 1104 579 303 172 81 43
event000001074 5901 4636 3306 2028 915 481 285 175 96 63
event000001083 5494 4367 3053 1784 761 368 185 97 21 14
event000001015 6695 5346 3753 2239 1013 514 274 189 87 44
event000001064 5674 4566 3327 2017 852 440 250 140 75 54
event000001081 5698 4444 3120 1894 863 385 198 107 59 35
event000001052 5090 4023 2790 1727 752 305 133 74 46 25
event000001088 6306 4958 3618 2206 948 438 244 137 77 51
event000001014 6880 5407 3868 2338 952 496 275 168 91 63
event000001092 6226 4817 3451 2077 851 427 219 137 61 39
event000001089 5531 4423 3226 1956 841 509 311 190 123 82
event000001070 5490 4309 3068 1845 764 367 179 105 40 24
event000001036 5665 4426 3220 2013 927 529 338 220 119 95
event000001046 5269 4120 2807 1732 715 348 187 123 54 25
event000001001 4702 3704 2516 1466 609 282 174 132 64 46
event000001035 4837 3751 2668 1673 713 350 239 158 79 46
event000001080 6816 5471 3872 2393 1048 539 258 168 93 61
